1 100 -> 13 14 15 101 8 18
2 101 -> 105 103
3 103 -> 101
4 103 -> 0
5 105 -> 111
6 105 -> 112
7 111 -> 120
8 111 -> 124
9 111 -> 125
10 111 -> 133
11 111 -> 139
12 111 -> 140 18
13 112 -> 39 14 113 15 1 3 14 113 15 101 8 18
14 113 -> 117 4 119
15 117 -> 9
16 117 -> 10
17 117 -> 11
18 117 -> 12
19 119 -> 19 113
20 119 -> 0
21 120 -> 117 121 18
22 121 -> 4 123
23 123 -> 19 121
24 123 -> 0
25 124 -> 4 1 129 18
26 125 -> 126 1 131 18
27 126 -> 14 121 15
28 129 -> 154
29 129 -> 132
30 129 -> 140
31 131 -> 132
32 131 -> 140
33 132 -> 29 4
34 133 -> 20 16 160 17 111 137 135
35 135 -> 21 111 137 22 18
36 135 -> 22 18
37 137 -> 111 137
38 137 -> 0
39 139 -> 23 16 4 17 18
40 139 -> 24 16 4 17 18
41 140 -> 3 16 142 17
42 142 -> 168 144
43 142 -> 0
44 144 -> 19 142
45 144 -> 0
46 154 -> 148 147
47 147 -> 156 154
48 147 -> 0
49 148 -> 152 150
50 150 -> 158 148
51 150 -> 0
52 152 -> 16 154 17
53 152 -> 168
54 156 -> 25
55 156 -> 26
56 158 -> 27
57 158 -> 28
58 160 -> 16 160 17 182 16 160 17
59 160 -> 163 188 163
60 160 -> 32 16 160 17
61 163 -> 4
62 163 -> 5
63 163 -> 6
64 168 -> 4 170
65 168 -> 5
66 168 -> 6
67 168 -> 7
68 168 -> 171
69 170 -> 14 5 19 5 15
70 170 -> 0
71 171 -> 14 172 15
72 172 -> 175 174
73 174 -> 18 172
74 174 -> 0
75 175 -> 5 177
76 177 -> 179
77 179 -> 19 5 179
78 179 -> 0
79 182 -> 30
80 182 -> 31
81 188 -> 33
82 188 -> 34
83 188 -> 35
84 188 -> 36
85 188 -> 37
86 188 -> 38
